0 0.03125 0.673021 0.0605469 0.174976
0 0.227051 0.0058651 0.0869141 0.00977517
0 0.386719 0.0288368 0.0488281 0.0557185
0 0.475586 0.0640274 0.152344 0.1261
0 0.699707 0.00928641 0.0888672 0.0166178
0 0.931152 0.0821114 0.0947266 0.115347
0 0.097168 0.15738 0.0458984 0.0782014
0 0.258301 0.156891 0.120117 0.14956
0 0.40625 0.19697 0.177734 0.180841
0 0.658203 0.266373 0.154297 0.16911
0 0.480957 0.313294 0.100586 0.13392
0 0.370117 0.507331 0.0839844 0.138807
0 0.758301 0.557674 0.168945 0.155425
0 0.236328 0.719941 0.146484 0.155425
0 0.209961 0.800587 0.101562 0.127077
0 0.504395 0.702835 0.141602 0.156403
0 0.873535 0.684751 0.0673828 0.0811339
0 0.891113 0.754154 0.180664 0.178886
0 0.948242 0.684262 0.103516 0.111437
