0 0.17334 0.0581055 0.137695 0.114258
0 0.489746 0.0712891 0.133789 0.140625
0 0.074707 0.365723 0.147461 0.15332
0 0.162109 0.335449 0.0371094 0.0380859
0 0.034668 0.481445 0.0673828 0.136719
0 0.0078125 0.666992 0.0136719 0.123047
0 0.174316 0.594727 0.116211 0.134766
0 0.489258 0.462891 0.103516 0.0800781
0 0.483398 0.712891 0.169922 0.171875
0 0.0488281 0.926758 0.015625 0.0136719
0 0.146484 0.944824 0.171875 0.110352
0 0.578125 0.971191 0.0996094 0.0576172
0 0.810059 0.0996094 0.0654297 0.0527344
0 0.897949 0.30127 0.170898 0.15332
0 0.818359 0.579102 0.105469 0.101562
0 0.979492 0.555176 0.0410156 0.133789
0 0.617676 0.86084 0.137695 0.131836
0 0.850586 0.910645 0.123047 0.15918
