0 0.0742188 0.198925 0.146484 0.167155
0 0.059082 0.534213 0.116211 0.167155
0 0.245605 0.596285 0.0830078 0.111437
0 0.33252 0.664712 0.112305 0.113392
0 0.0405273 0.78739 0.0791016 0.173021
0 0.118164 0.850929 0.167969 0.110459
0 0.117676 0.982405 0.0556641 0.0351906
0 0.543945 0.129032 0.162109 0.162268
0 0.681152 0.0483871 0.12793 0.0948192
0 0.811035 0.100196 0.19043 0.198436
0 0.954102 0.110948 0.0917969 0.16129
0 0.721191 0.240469 0.137695 0.177908
0 0.72998 0.363636 0.143555 0.105572
0 0.752441 0.761486 0.125977 0.121212
0 0.963867 0.760508 0.0722656 0.166178
0 0.506836 0.933529 0.148438 0.132942
0 0.550293 0.855327 0.0830078 0.0742913
0 0.687988 0.932551 0.225586 0.134897
