0 0.132812 0.0483871 0.0605469 0.0557185
0 0.105469 0.173998 0.0683594 0.0703812
0 0.140137 0.377322 0.0458984 0.0527859
0 0.425293 0.348974 0.131836 0.142717
0 0.210449 0.502444 0.0693359 0.0645161
0 0.0893555 0.531281 0.0654297 0.0459433
0 0.457031 0.644673 0.130859 0.14956
0 0.504395 0.455034 0.0791016 0.106549
0 0.232422 0.904692 0.123047 0.0811339
0 0.79834 0.0610948 0.129883 0.120235
0 0.893555 0.135386 0.171875 0.194526
0 0.752441 0.412512 0.133789 0.144673
0 0.781738 0.525415 0.196289 0.208211
0 0.968262 0.406647 0.0634766 0.0488759
0 0.712402 0.727273 0.139648 0.142717
0 0.87207 0.709189 0.136719 0.1261
0 0.764648 0.887586 0.0449219 0.0410557
