0 0.0249023 0.306641 0.0478516 0.15625
0 0.0693359 0.311035 0.0859375 0.147461
0 0.305664 0.206055 0.117188 0.111328
0 0.0634766 0.569824 0.0898438 0.0849609
0 0.1875 0.665039 0.138672 0.123047
0 0.339844 0.762695 0.160156 0.154297
0 0.0854492 0.952637 0.168945 0.0888672
0 0.19043 0.885742 0.171875 0.0859375
0 0.45752 0.878906 0.0712891 0.138672
0 0.536621 0.95459 0.147461 0.0849609
0 0.754883 0.963379 0.191406 0.0693359
0 0.934082 0.527832 0.131836 0.165039
0 0.998047 0.732422 0.00390625 0.0488281
