0 0.0200195 0.00244141 0.0380859 0.00292969
0 0.0214844 0.0385742 0.0410156 0.0693359
0 0.0712891 0.210938 0.140625 0.158203
0 0.0419922 0.959961 0.0820312 0.0761719
0 0.165039 0.0883789 0.201172 0.174805
0 0.539551 0.179199 0.168945 0.176758
0 0.237305 0.359863 0.0625 0.0771484
0 0.428223 0.336426 0.186523 0.174805
0 0.747559 0.321289 0.12793 0.115234
0 0.85498 0.393066 0.137695 0.147461
0 0.785645 0.553223 0.118164 0.106445
0 0.180176 0.562988 0.0595703 0.0537109
0 0.291504 0.706055 0.0654297 0.0878906
0 0.444824 0.897461 0.204102 0.199219
0 0.640137 0.981445 0.131836 0.03125
0 0.432129 0.788574 0.12793 0.0478516
0 0.928223 0.0610352 0.143555 0.120117
0 0.999023 0.0844727 0.00195312 0.0283203
