0 0.361328 0.0464321 0.0507812 0.0772239
0 0.668945 0.0694037 0.0703125 0.0703812
0 0.769531 0.00537634 0.0332031 0.00879765
0 0.0371094 0.247801 0.0722656 0.155425
0 0.157715 0.207722 0.161133 0.1652
0 0.141113 0.2913 0.143555 0.0977517
0 0.333984 0.264418 0.130859 0.11828
0 0.420898 0.2087 0.126953 0.139785
0 0.674316 0.3348 0.0595703 0.0224829
0 0.879883 0.0131965 0.0703125 0.0244379
0 0.789551 0.36217 0.108398 0.116325
0 0.734863 0.380254 0.0791016 0.0879765
0 0.879883 0.340176 0.119141 0.125122
0 0.484863 0.605083 0.163086 0.156403
0 0.530273 0.713587 0.103516 0.0879765
0 0.090332 0.715054 0.172852 0.1652
0 0.693359 0.545455 0.0390625 0.0351906
0 0.774414 0.768817 0.0625 0.0576735
0 0.120117 0.942815 0.130859 0.11437
0 0.374512 0.960899 0.0771484 0.0625611
0 0.26709 0.983382 0.145508 0.0332356
0 0.77002 0.844575 0.0654297 0.058651
0 0.780273 0.970186 0.0761719 0.0596285
0 0.603516 0.966276 0.0566406 0.0674487
0 0.958008 0.0293255 0.0839844 0.056696
0 0.996582 0.0977517 0.00683594 0.0508309
0 0.969238 0.304985 0.0615234 0.0742913
0 0.961426 0.404692 0.0771484 0.136852
0 0.981934 0.714076 0.0361328 0.11437
0 0.968262 0.828935 0.0634766 0.115347
