0 0.0751953 0.0844727 0.111328 0.143555
0 0.336426 0.283691 0.145508 0.0947266
0 0.046875 0.472168 0.0917969 0.170898
0 0.0751953 0.733887 0.148438 0.200195
0 0.208496 0.568359 0.176758 0.193359
0 0.160156 0.921387 0.144531 0.15332
0 0.00146484 0.841797 0.000976562 0.00585938
0 0.214844 0.706055 0.171875 0.0820312
0 0.351074 0.849609 0.135742 0.175781
0 0.434082 0.964844 0.15918 0.0644531
0 0.606445 0.0761719 0.166016 0.150391
0 0.687012 0.0351562 0.0556641 0.0683594
0 0.475098 0.34668 0.151367 0.138672
0 0.401367 0.504883 0.0761719 0.0878906
0 0.571289 0.683594 0.154297 0.160156
0 0.969727 0.581543 0.0566406 0.161133
