0 0.155273 0.545943 0.117188 0.14565
0 0.126953 0.883675 0.134766 0.140762
0 0.255859 0.831867 0.169922 0.173998
0 0.295898 0.885142 0.126953 0.11437
0 0.891113 0.0185728 0.0634766 0.0351906
0 0.981445 0.175464 0.0371094 0.13783
0 0.952148 0.277126 0.0957031 0.13392
0 0.627441 0.348974 0.125977 0.166178
0 0.992188 0.378788 0.0136719 0.0127077
0 0.842285 0.478006 0.0517578 0.0488759
0 0.808105 0.722385 0.0927734 0.115347
0 0.87793 0.725806 0.0761719 0.13392
0 0.934082 0.784457 0.131836 0.15347
0 0.915039 0.90176 0.0839844 0.11828
0 0.709473 0.923754 0.133789 0.138807
