0 0.00244141 0.129395 0.00292969 0.0693359
0 0.244141 0.0625 0.167969 0.123047
0 0.0966797 0.10498 0.0585938 0.0634766
0 0.0751953 0.10791 0.0800781 0.112305
0 0.197754 0.26709 0.135742 0.104492
0 0.0351562 0.40625 0.0683594 0.144531
0 0.181641 0.608887 0.181641 0.178711
0 0.0273438 0.993164 0.0527344 0.0136719
0 0.237793 0.810059 0.141602 0.139648
0 0.308594 0.929688 0.132812 0.140625
0 0.403809 0.0449219 0.15332 0.0878906
0 0.970703 0.0371094 0.0585938 0.0722656
0 0.614258 0.140625 0.0546875 0.0644531
0 0.785156 0.124023 0.117188 0.132812
0 0.847168 0.103027 0.0263672 0.0556641
0 0.516602 0.17334 0.0292969 0.0595703
0 0.36377 0.312012 0.12207 0.149414
0 0.494141 0.725098 0.160156 0.180664
0 0.665039 0.717285 0.160156 0.133789
0 0.958008 0.794434 0.0839844 0.166992
0 0.842285 0.950195 0.170898 0.0996094
0 0.962402 0.945801 0.0751953 0.108398
