0 0.0258789 0.0131836 0.0498047 0.0244141
0 0.113281 0.0717773 0.152344 0.120117
0 0.0341797 0.200195 0.0664062 0.179688
0 0.178711 0.309082 0.107422 0.151367
0 0.990723 0.0117188 0.0185547 0.0214844
0 0.481934 0.0576172 0.0556641 0.0585938
0 0.901855 0.158203 0.139648 0.15625
0 0.955566 0.09375 0.0888672 0.150391
0 0.566406 0.188477 0.0644531 0.0488281
0 0.468262 0.226562 0.0478516 0.046875
0 0.5625 0.237305 0.0449219 0.0546875
0 0.766113 0.378418 0.0498047 0.0537109
0 0.879883 0.34082 0.0761719 0.130859
0 0.90918 0.339355 0.0566406 0.125977
0 0.494141 0.474609 0.115234 0.134766
0 0.401367 0.51416 0.128906 0.124023
0 0.543945 0.79834 0.130859 0.131836
