0 0.275879 0.109971 0.0576172 0.0478983
0 0.0913086 0.244868 0.0654297 0.0635386
0 0.191895 0.363148 0.0458984 0.0498534
0 0.466309 0.200391 0.0361328 0.054741
0 0.328613 0.394917 0.0615234 0.0664712
0 0.396484 0.426686 0.0644531 0.0811339
0 0.312012 0.530792 0.0556641 0.0606061
0 0.17334 0.549853 0.0498047 0.0596285
0 0.129395 0.610948 0.0556641 0.0684262
0 0.150391 0.588465 0.0410156 0.0410557
0 0.316406 0.670577 0.0566406 0.0625611
0 0.200684 0.793255 0.0712891 0.0635386
0 0.644043 0.603617 0.192383 0.13783
0 0.606934 0.744379 0.188477 0.178886
0 0.506348 0.795699 0.0751953 0.0801564
0 0.82373 0.715054 0.15918 0.16129
0 0.783203 0.801564 0.142578 0.144673
0 0.586426 0.868524 0.0732422 0.0654936
0 0.515625 0.970186 0.0664062 0.0596285
0 0.661621 0.87781 0.0576172 0.0527859
0 0.880371 0.961877 0.145508 0.0762463
0 0.445801 0.0786901 0.0673828 0.0694037
0 0.504395 0.0596285 0.0615234 0.0606061
0 0.582031 0.0650049 0.0605469 0.0752688
0 0.980469 0.546921 0.0390625 0.1261
0 0.938477 0.865103 0.123047 0.205279
