0 0.637207 0.0215054 0.0791016 0.0410557
0 0.744141 0.044477 0.140625 0.086999
0 0.16748 0.0234604 0.116211 0.0449658
0 0.0253906 0.210655 0.0488281 0.13783
0 0.777344 0.217986 0.154297 0.158358
0 0.219727 0.319159 0.148438 0.16129
0 0.687012 0.422776 0.125977 0.131965
0 0.257324 0.49218 0.170898 0.1652
0 0.277344 0.604106 0.154297 0.140762
0 0.0883789 0.646628 0.143555 0.139785
0 0.678711 0.709189 0.0546875 0.0635386
0 0.729004 0.675953 0.0400391 0.028348
0 0.900391 0.673509 0.0644531 0.0684262
0 0.951172 0.0200391 0.0976562 0.0381232
