0 0.0239258 0.0415039 0.0458984 0.0791016
0 0.0288086 0.261719 0.0556641 0.0761719
0 0.141113 0.339844 0.151367 0.144531
0 0.354004 0.0981445 0.200195 0.194336
0 0.356445 0.452148 0.158203 0.148438
0 0.430664 0.549316 0.189453 0.188477
0 0.17334 0.829102 0.137695 0.15625
0 0.489746 0.859375 0.133789 0.148438
0 0.788574 0.185547 0.0693359 0.0703125
0 0.746094 0.185547 0.0292969 0.0683594
0 0.970703 0.415527 0.0585938 0.0556641
0 0.911621 0.550781 0.15332 0.15625
0 0.986816 0.54541 0.0263672 0.0966797
0 0.810059 0.891602 0.0654297 0.0527344
