0 0.126953 0.248535 0.1875 0.182617
0 0.168945 0.455566 0.144531 0.151367
0 0.244629 0.583496 0.147461 0.145508
0 0.0986328 0.885742 0.158203 0.121094
0 0.921387 0.188477 0.106445 0.107422
0 0.446289 0.367188 0.164062 0.183594
0 0.617676 0.353027 0.161133 0.155273
0 0.938477 0.44873 0.123047 0.180664
0 0.786621 0.624023 0.170898 0.146484
0 0.919922 0.62793 0.136719 0.160156
0 0.433594 0.804688 0.166016 0.164062
0 0.583496 0.811035 0.157227 0.165039
0 0.539551 0.958984 0.149414 0.0820312
0 0.925293 0.942383 0.149414 0.115234
