0 0.161133 0.00683594 0.0507812 0.0117188
0 0.458008 0.027832 0.154297 0.0537109
0 0.141113 0.211426 0.15332 0.166992
0 0.217773 0.407227 0.119141 0.0820312
0 0.180664 0.591309 0.136719 0.157227
0 0.538086 0.484863 0.0644531 0.143555
0 0.84375 0.385254 0.162109 0.163086
0 0.37793 0.627441 0.126953 0.15332
0 0.604492 0.736816 0.0664062 0.108398
0 0.678223 0.676758 0.0615234 0.0371094
0 0.803223 0.628418 0.12207 0.118164
0 0.330566 0.890137 0.15918 0.15918
0 0.514648 0.958496 0.128906 0.0830078
0 0.636719 0.953613 0.109375 0.0927734
0 0.231934 0.992188 0.0185547 0.015625
0 0.902832 0.00488281 0.0517578 0.0078125
0 0.975586 0.715332 0.0488281 0.157227
0 0.909668 0.949219 0.0458984 0.078125
