0 0.536133 0.0961914 0.142578 0.155273
0 0.88916 0.132812 0.0966797 0.0878906
0 0.984863 0.108398 0.0302734 0.119141
0 0.0224609 0.445801 0.0429688 0.133789
0 0.405273 0.383301 0.154297 0.149414
0 0.944336 0.351562 0.111328 0.130859
0 0.931641 0.470703 0.126953 0.121094
0 0.445801 0.689453 0.147461 0.150391
0 0.0317383 0.919922 0.0615234 0.160156
0 0.126953 0.887207 0.146484 0.151367
0 0.328125 0.918945 0.113281 0.121094
0 0.849121 0.788086 0.124023 0.117188
0 0.73291 0.96582 0.120117 0.0683594
