0 0.00439453 0.997559 0.00683594 0.00488281
0 0.137695 0.0424805 0.0703125 0.0830078
0 0.250488 0.0449219 0.157227 0.0878906
0 0.265137 0.17041 0.0673828 0.0693359
0 0.103516 0.570801 0.152344 0.155273
0 0.66748 0.125 0.106445 0.0722656
0 0.751953 0.185059 0.150391 0.161133
0 0.987305 0.171875 0.0253906 0.0585938
0 0.904297 0.362793 0.0976562 0.149414
0 0.970215 0.387695 0.0595703 0.105469
0 0.689941 0.487305 0.172852 0.177734
0 0.95166 0.640137 0.0966797 0.135742
0 0.660645 0.672363 0.143555 0.110352
0 0.807617 0.709961 0.0898438 0.117188
0 0.675781 0.81543 0.164062 0.136719
0 0.741211 0.907715 0.150391 0.163086
0 0.0771484 0.720703 0.132812 0.123047
0 0.17334 0.85498 0.120117 0.118164
0 0.986328 0.825684 0.0273438 0.116211
0 0.90918 0.896973 0.0585938 0.0634766
0 0.887695 0.899902 0.0800781 0.112305
