0 0.0478516 0.161133 0.0488281 0.0332031
0 0.350586 0.0415039 0.0839844 0.0810547
0 0.437012 0.0908203 0.0908203 0.0878906
0 0.765137 0.0585938 0.149414 0.115234
0 0.575684 0.229492 0.0439453 0.078125
0 0.0830078 0.164551 0.0195312 0.0400391
0 0.0239258 0.305664 0.0458984 0.0664062
0 0.0625 0.350098 0.078125 0.0791016
0 0.0600586 0.448242 0.0595703 0.0664062
0 0.661621 0.161133 0.114258 0.146484
0 0.761719 0.433594 0.123047 0.130859
0 0.137695 0.405273 0.0410156 0.0292969
0 0.631348 0.644531 0.0673828 0.0703125
0 0.168457 0.797852 0.12793 0.134766
0 0.57666 0.802246 0.102539 0.112305
0 0.0161133 0.91748 0.0302734 0.108398
0 0.55957 0.927246 0.160156 0.145508
0 0.678223 0.739258 0.0478516 0.0527344
0 0.034668 0.89502 0.0263672 0.0556641
0 0.708008 0.969727 0.0390625 0.0351562
0 0.796875 0.981934 0.0644531 0.0361328
0 0.810059 0.366699 0.176758 0.176758
0 0.878906 0.0546875 0.101562 0.0996094
0 0.975586 0.634277 0.0488281 0.0361328
0 0.992676 0.783691 0.0146484 0.0556641
0 0.987793 0.81543 0.0244141 0.0273438
