0 0.00878906 0.192383 0.015625 0.0371094
0 0.451172 0.00732422 0.0429688 0.0126953
0 0.194824 0.0126953 0.0400391 0.0234375
0 0.181641 0.0244141 0.0371094 0.0292969
0 0.23291 0.106445 0.0615234 0.0527344
0 0.291016 0.0825195 0.0332031 0.0244141
0 0.356445 0.132324 0.121094 0.114258
0 0.49707 0.183105 0.0527344 0.0341797
0 0.307129 0.307129 0.108398 0.133789
0 0.35498 0.341797 0.147461 0.152344
0 0.958496 0.0703125 0.0830078 0.138672
0 0.818848 0.13916 0.0791016 0.0517578
0 0.852051 0.0561523 0.0458984 0.0732422
0 0.871094 0.342773 0.152344 0.130859
0 0.146484 0.463379 0.140625 0.131836
0 0.0488281 0.544922 0.0957031 0.166016
0 0.977539 0.673828 0.0449219 0.0605469
0 0.961426 0.40625 0.0341797 0.0449219
0 0.418457 0.814453 0.0595703 0.0644531
0 0.290039 0.746094 0.0507812 0.0507812
0 0.54834 0.692871 0.0537109 0.0380859
0 0.812012 0.757812 0.0927734 0.107422
0 0.789551 0.90918 0.0673828 0.0664062
0 0.649414 0.925293 0.0585938 0.0537109
0 0.0722656 0.953613 0.101562 0.0927734
0 0.230469 0.994141 0.0703125 0.0117188
