0 0.28418 0.00830078 0.0625 0.0146484
0 0.702148 0.100098 0.142578 0.143555
0 0.961914 0.36084 0.0761719 0.174805
0 0.522949 0.430664 0.15918 0.162109
0 0.919434 0.586426 0.161133 0.178711
0 0.19043 0.221191 0.0859375 0.0771484
0 0.23291 0.293945 0.0673828 0.0898438
0 0.28418 0.451172 0.138672 0.152344
0 0.135742 0.495117 0.1875 0.197266
0 0.0302734 0.749512 0.0585938 0.0693359
0 0.349121 0.679688 0.151367 0.132812
0 0.533203 0.750488 0.117188 0.110352
0 0.472168 0.895508 0.0888672 0.115234
0 0.636719 0.993652 0.0351562 0.0126953
0 0.763672 0.741699 0.0625 0.0654297
0 0.873535 0.909668 0.166992 0.165039
0 0.969238 0.859375 0.0615234 0.169922
