0 0.0385742 0.208984 0.0751953 0.140625
0 0.167969 0.13916 0.0800781 0.0986328
0 0.180176 0.0302734 0.147461 0.0585938
0 0.264648 0.188477 0.140625 0.146484
0 0.111816 0.269043 0.0615234 0.0634766
0 0.314453 0.366211 0.0546875 0.0488281
0 0.0766602 0.483887 0.151367 0.15332
0 0.194824 0.849609 0.180664 0.164062
0 0.260254 0.961914 0.0771484 0.0761719
0 0.0234375 0.944336 0.0449219 0.0253906
0 0.0395508 0.848145 0.0458984 0.0732422
0 0.416504 0.118652 0.15918 0.141602
0 0.580078 0.0405273 0.169922 0.0791016
0 0.944336 0.0317383 0.0703125 0.0615234
0 0.556641 0.168945 0.0449219 0.0703125
0 0.946289 0.278809 0.101562 0.157227
0 0.633301 0.516113 0.12793 0.135742
0 0.597168 0.676758 0.108398 0.142578
0 0.333496 0.716797 0.15332 0.140625
0 0.478027 0.825195 0.116211 0.0371094
0 0.977539 0.6875 0.0410156 0.0996094
0 0.859375 0.760742 0.0644531 0.0507812
0 0.908203 0.807129 0.0390625 0.0458984
0 0.594238 0.962891 0.149414 0.0742188
