0 0.0131836 0.253906 0.0244141 0.101562
0 0.050293 0.279785 0.0419922 0.0498047
0 0.0571289 0.751953 0.112305 0.130859
0 0.675781 0.0463867 0.164062 0.0908203
0 0.741211 0.115723 0.150391 0.163086
0 0.17334 0.0629883 0.120117 0.118164
0 0.986328 0.0463867 0.0273438 0.0908203
0 0.90918 0.10498 0.0585938 0.0634766
0 0.887695 0.10791 0.0800781 0.112305
0 0.971191 0.269043 0.0576172 0.0966797
0 0.787109 0.406738 0.189453 0.157227
0 0.233398 0.430664 0.0605469 0.0644531
0 0.95166 0.608887 0.0966797 0.178711
0 0.232422 0.596191 0.144531 0.157227
0 0.339355 0.669434 0.139648 0.125977
0 0.678711 0.751953 0.0605469 0.0390625
0 0.640625 0.793457 0.0664062 0.0654297
0 0.613281 0.84082 0.03125 0.0332031
0 0.580078 0.722168 0.0371094 0.0400391
0 0.168457 0.772461 0.135742 0.154297
0 0.250488 0.879395 0.139648 0.129883
0 0.310547 0.800293 0.0585938 0.0478516
0 0.321289 0.969238 0.0644531 0.0615234
0 0.829102 0.993164 0.0722656 0.0136719
0 0.989746 0.801758 0.0205078 0.113281
0 0.352539 0.578125 0.105469 0.113281
