0 0.0405273 0.0415039 0.0791016 0.0810547
0 0.118164 0.059082 0.167969 0.110352
0 0.141602 0.24707 0.140625 0.148438
0 0.295898 0.364258 0.0371094 0.0605469
0 0.213379 0.656738 0.172852 0.137695
0 0.233398 0.79541 0.166016 0.178711
0 0.162598 0.907227 0.0400391 0.0742188
0 0.303223 0.902344 0.00878906 0.0332031
0 0.768555 0.015625 0.015625 0.0292969
0 0.969727 0.0263672 0.0605469 0.0507812
0 0.510742 0.176758 0.15625 0.203125
0 0.550293 0.0634766 0.0830078 0.0742188
0 0.687988 0.184082 0.225586 0.22168
0 0.988281 0.383301 0.0234375 0.0576172
0 0.57959 0.69043 0.170898 0.185547
0 0.801758 0.941895 0.216797 0.108398
