0 0.0786133 0.0185728 0.0634766 0.0351906
0 0.23877 0.180352 0.176758 0.16911
0 0.143555 0.277126 0.103516 0.13392
0 0.330078 0.215054 0.130859 0.138807
0 0.105469 0.360704 0.142578 0.130987
0 0.0297852 0.478006 0.0517578 0.0488759
0 0.0214844 0.722385 0.0410156 0.115347
0 0.0654297 0.725806 0.0761719 0.13392
0 0.131348 0.784457 0.151367 0.15347
0 0.290039 0.886608 0.0742188 0.144673
0 0.102539 0.90176 0.0839844 0.11828
0 0.347168 0.832845 0.0341797 0.056696
0 0.765625 0.13001 0.164062 0.175953
0 0.911133 0.208211 0.158203 0.152493
0 0.631348 0.130499 0.0693359 0.0694037
0 0.613281 0.163734 0.0683594 0.0557185
0 0.296875 0.3739 0.0546875 0.0459433
0 0.763184 0.464809 0.0732422 0.0772239
0 0.750488 0.529326 0.0419922 0.0557185
0 0.791992 0.549365 0.0625 0.058651
0 0.887695 0.876344 0.111328 0.143695
