0 0.209961 0.0474096 0.123047 0.0928641
0 0.647949 0.0391007 0.12207 0.0762463
0 0.605469 0.140274 0.0507812 0.0596285
0 0.0581055 0.181818 0.114258 0.146628
0 0.17041 0.179374 0.139648 0.159335
0 0.0400391 0.50391 0.078125 0.0439883
0 0.194336 0.528837 0.177734 0.193548
0 0.0390625 0.66911 0.0761719 0.0772239
0 0.654785 0.333822 0.129883 0.128055
0 0.626953 0.400293 0.09375 0.086999
0 0.556641 0.513685 0.107422 0.11437
0 0.611816 0.601662 0.0341797 0.0635386
0 0.571289 0.690127 0.0527344 0.0449658
0 0.525879 0.847019 0.0400391 0.0498534
0 0.261719 0.991202 0.0878906 0.0175953
0 0.746094 0.995112 0.115234 0.00977517
0 0.88623 0.188172 0.104492 0.14565
0 0.987793 0.269795 0.0244141 0.103617
0 0.852051 0.463832 0.151367 0.14565
0 0.972168 0.502933 0.0556641 0.0537634
