0 0.00195312 0.0458984 0.00195312 0.00585938
0 0.0458984 0.179199 0.0898438 0.125977
0 0.027832 0.355469 0.0537109 0.158203
0 0.158203 0.411133 0.0703125 0.0859375
0 0.235352 0.351562 0.142578 0.132812
0 0.20166 0.677246 0.133789 0.118164
0 0.158691 0.73291 0.15332 0.15918
0 0.0458984 0.770508 0.0898438 0.101562
0 0.223633 0.563965 0.130859 0.106445
0 0.976562 0.276367 0.046875 0.0605469
0 0.99707 0.407227 0.00585938 0.0644531
0 0.955078 0.568848 0.0605469 0.106445
0 0.807129 0.887207 0.0634766 0.0634766
