0 0.169434 0.710449 0.129883 0.137695
0 0.147461 0.855957 0.136719 0.120117
0 0.361816 0.0395508 0.149414 0.0771484
0 0.655762 0.015625 0.0888672 0.0292969
0 0.990234 0.00390625 0.0195312 0.00585938
0 0.611816 0.136719 0.170898 0.166016
0 0.994629 0.246094 0.0107422 0.0664062
0 0.44043 0.588867 0.166016 0.160156
0 0.990234 0.552734 0.0195312 0.0214844
0 0.811035 0.765137 0.139648 0.161133
0 0.930664 0.730469 0.138672 0.162109
0 0.785645 0.985352 0.0595703 0.0292969
0 0.855469 0.981445 0.126953 0.0371094
