0 0.194824 0.0703125 0.180664 0.138672
0 0.260254 0.179688 0.0771484 0.0957031
0 0.230957 0.265625 0.0615234 0.03125
0 0.0234375 0.152344 0.0449219 0.0253906
0 0.0395508 0.0561523 0.0458984 0.0732422
0 0.0678711 0.342773 0.133789 0.130859
0 0.177734 0.673828 0.0703125 0.0605469
0 0.31543 0.581055 0.078125 0.113281
0 0.148926 0.40625 0.0341797 0.0449219
0 0.0253906 0.757812 0.0410156 0.107422
0 0.00585938 0.902344 0.00976562 0.0175781
0 0.478027 0.0332031 0.116211 0.0371094
0 0.908203 0.0195312 0.0390625 0.0371094
0 0.591797 0.219238 0.160156 0.170898
0 0.784668 0.366211 0.0576172 0.0546875
0 0.822266 0.26123 0.0488281 0.0537109
0 0.644531 0.409668 0.150391 0.155273
0 0.796387 0.66748 0.0458984 0.0576172
0 0.525879 0.584473 0.163086 0.15332
0 0.567871 0.753418 0.141602 0.145508
0 0.419434 0.914062 0.143555 0.138672
0 0.653809 0.824219 0.0595703 0.0292969
0 0.364746 0.974121 0.0712891 0.0517578
0 0.475586 0.959961 0.144531 0.0800781
0 0.605469 0.998535 0.03125 0.00292969
