0 0.00585938 0.184082 0.00976562 0.0478516
0 0.263672 0.213867 0.136719 0.132812
0 0.311523 0.285156 0.046875 0.0546875
0 0.596191 0.027832 0.0439453 0.0537109
0 0.615723 0.189453 0.12793 0.158203
0 0.708984 0.361328 0.160156 0.173828
0 0.160645 0.415527 0.0634766 0.0556641
0 0.0991211 0.550781 0.15332 0.15625
0 0.194336 0.54541 0.0664062 0.0966797
0 0.489258 0.649902 0.130859 0.0615234
0 0.425781 0.754883 0.117188 0.126953
0 0.494141 0.831543 0.0507812 0.0556641
0 0.547852 0.571289 0.0546875 0.0917969
0 0.618652 0.554199 0.0947266 0.0791016
0 0.0263672 0.886719 0.0078125 0.00976562
0 0.873047 0.553711 0.144531 0.148438
0 0.995605 0.520508 0.00878906 0.0683594
0 0.983398 0.968262 0.0332031 0.0634766
