0 0.00292969 0.464844 0.00390625 0.046875
0 0.0615234 0.292969 0.0976562 0.109375
0 0.128906 0.442383 0.09375 0.0546875
0 0.466309 0.297363 0.125977 0.151367
0 0.628906 0.189453 0.158203 0.162109
0 0.567871 0.379395 0.161133 0.176758
0 0.325195 0.47998 0.160156 0.155273
0 0.0976562 0.666992 0.115234 0.136719
0 0.246582 0.608398 0.149414 0.154297
0 0.428711 0.805176 0.0625 0.0419922
0 0.526855 0.78418 0.0654297 0.0703125
0 0.378906 0.952637 0.126953 0.0947266
0 0.00537109 0.898438 0.00878906 0.0351562
0 0.458984 0.757324 0.0507812 0.0478516
0 0.453125 0.609863 0.0410156 0.0634766
0 0.291504 0.860352 0.0244141 0.0527344
0 0.922363 0.192871 0.124023 0.0927734
0 0.930176 0.287598 0.139648 0.15918
0 0.969727 0.138672 0.0605469 0.138672
0 0.96875 0.450684 0.0625 0.157227
0 0.861816 0.708496 0.0654297 0.0712891
0 0.896484 0.91748 0.0429688 0.0556641
0 0.992676 0.998047 0.0146484 0.00390625
