0 0.0395508 0.812988 0.0771484 0.120117
0 0.249512 0.210449 0.0673828 0.0654297
0 0.371094 0.18457 0.0546875 0.0585938
0 0.660156 0.17041 0.152344 0.139648
0 0.785645 0.100098 0.0732422 0.0498047
0 0.849609 0.399902 0.144531 0.108398
0 0.775879 0.00830078 0.0498047 0.0146484
0 0.989746 0.327148 0.0205078 0.0488281
0 0.522949 0.346191 0.0556641 0.0791016
0 0.348145 0.51709 0.0732422 0.0693359
0 0.547852 0.621582 0.126953 0.106445
0 0.773926 0.494141 0.102539 0.0839844
0 0.936523 0.679199 0.126953 0.170898
0 0.87793 0.762695 0.154297 0.115234
0 0.70752 0.812988 0.145508 0.135742
0 0.773438 0.905273 0.0917969 0.0898438
0 0.54541 0.993164 0.0478516 0.0136719
