0 0.945801 0.0640274 0.108398 0.120235
0 0.0449219 0.109482 0.0878906 0.144673
0 0.361328 0.270772 0.0507812 0.0508309
0 0.73291 0.35826 0.143555 0.13783
0 0.892578 0.391984 0.140625 0.136852
0 0.786133 0.50782 0.148438 0.0674487
0 0.71875 0.583578 0.146484 0.142717
0 0.39209 0.549365 0.129883 0.127077
0 0.212891 0.737048 0.0683594 0.0508309
0 0.245605 0.818671 0.12207 0.11437
0 0.29541 0.860215 0.0673828 0.119257
0 0.484863 0.857283 0.0732422 0.0742913
0 0.488281 0.955523 0.0644531 0.0654936
0 0.44043 0.979472 0.0566406 0.0273705
0 0.104004 0.945748 0.0341797 0.0518084
0 0.184082 0.978495 0.0654297 0.0430108
0 0.836426 0.892962 0.0224609 0.0205279
