0 0.0175781 0.0415445 0.0332031 0.0811339
0 0.171875 0.130987 0.146484 0.123167
0 0.0517578 0.497067 0.101562 0.147605
0 0.0722656 0.660802 0.078125 0.0645161
0 0.0810547 0.598729 0.0664062 0.0635386
0 0.316895 0.00342131 0.00683594 0.00488759
0 0.803711 0.0102639 0.0605469 0.0185728
0 0.462402 0.100196 0.135742 0.14174
0 0.709961 0.402737 0.136719 0.172043
0 0.838867 0.400293 0.169922 0.186706
0 0.566406 0.631476 0.132812 0.154448
0 0.359863 0.663734 0.149414 0.140762
0 0.688477 0.765396 0.175781 0.177908
0 0.846191 0.635875 0.15332 0.176931
0 0.915527 0.867546 0.166992 0.147605
