0 0.027832 0.174316 0.0537109 0.0693359
0 0.243164 0.515137 0.144531 0.147461
0 0.307617 0.316406 0.113281 0.0859375
0 0.00195312 0.701172 0.00195312 0.015625
0 0.112793 0.68457 0.12793 0.144531
0 0.270508 0.675293 0.166016 0.15332
0 0.0737305 0.953613 0.137695 0.0927734
0 0.938477 0.0288086 0.046875 0.0556641
0 0.865723 0.574219 0.168945 0.177734
0 0.851562 0.698242 0.101562 0.0820312
0 0.947266 0.641602 0.0664062 0.0585938
0 0.383789 0.762207 0.148438 0.12207
0 0.4375 0.979492 0.140625 0.0410156
0 0.809082 0.974609 0.0654297 0.0507812
0 0.847168 0.879395 0.0712891 0.0654297
