0 0.306152 0.0268817 0.106445 0.0518084
0 0.347168 0.100684 0.106445 0.127077
0 0.376465 0.100684 0.0810547 0.0997067
0 0.0112305 0.00782014 0.0205078 0.0136852
0 0.657715 0.0962854 0.15332 0.155425
0 0.669922 0.168133 0.136719 0.111437
0 0.616211 0.308895 0.121094 0.105572
0 0.0561523 0.400293 0.110352 0.186706
0 0.470215 0.516618 0.0810547 0.104594
0 0.25293 0.562561 0.121094 0.108504
0 0.0556641 0.635875 0.109375 0.176931
0 0.103027 0.867546 0.166992 0.147605
0 0.279297 0.961388 0.101562 0.0772239
0 0.399902 0.963832 0.0361328 0.0723363
0 0.770508 0.0234604 0.0488281 0.0449658
0 0.95459 0.545943 0.0908203 0.14565
0 0.936035 0.883675 0.12793 0.140762
0 0.991699 0.839198 0.0166016 0.102639
