0 0.177246 0.00683594 0.0693359 0.0117188
0 0.314453 0.0205078 0.0898438 0.0390625
0 0.0244141 0.131348 0.046875 0.145508
0 0.113281 0.0615234 0.15625 0.0996094
0 0.476562 0.327637 0.150391 0.139648
0 0.15625 0.181152 0.189453 0.176758
0 0.1875 0.30957 0.117188 0.123047
0 0.126953 0.495605 0.123047 0.143555
0 0.608398 0.601074 0.125 0.120117
0 0.059082 0.942871 0.116211 0.114258
0 0.662598 0.832031 0.0673828 0.0820312
0 0.739258 0.255859 0.125 0.125
0 0.915039 0.147461 0.166016 0.158203
0 0.924805 0.308105 0.0488281 0.0400391
0 0.902832 0.711426 0.0732422 0.0712891
0 0.804688 0.97998 0.134766 0.0400391
