0 0.26123 0.0117188 0.112305 0.0214844
0 0.396484 0.0561523 0.134766 0.110352
0 0.492676 0.0380859 0.12793 0.0742188
0 0.0839844 0.125488 0.0429688 0.0556641
0 0.190918 0.224609 0.0361328 0.0410156
0 0.144531 0.274414 0.0605469 0.0664062
0 0.0732422 0.359375 0.0605469 0.0683594
0 0.18457 0.348145 0.0585938 0.0478516
0 0.268555 0.363281 0.0605469 0.0664062
0 0.439453 0.35791 0.134766 0.12793
0 0.523926 0.251953 0.106445 0.123047
0 0.0976562 0.49707 0.0605469 0.0683594
0 0.144531 0.521973 0.0449219 0.0478516
0 0.171387 0.621094 0.0478516 0.0429688
0 0.20166 0.605957 0.0517578 0.0576172
0 0.256348 0.631836 0.0458984 0.0566406
0 0.271484 0.709961 0.0546875 0.0644531
0 0.378418 0.682129 0.0576172 0.0712891
0 0.518066 0.679199 0.120117 0.12207
0 0.507812 0.665039 0.0566406 0.0644531
0 0.275879 0.901855 0.0576172 0.0478516
0 0.466309 0.982422 0.0361328 0.0351562
0 0.97998 0.205078 0.0400391 0.0449219
0 0.927246 0.495117 0.145508 0.197266
0 0.834473 0.749512 0.0751953 0.0693359
0 0.445801 0.870605 0.0673828 0.0693359
0 0.504395 0.851562 0.0615234 0.0605469
0 0.582031 0.856934 0.0605469 0.0751953
