0 0.074707 0.0742913 0.145508 0.129032
0 0.0244141 0.296676 0.046875 0.15738
0 0.0644531 0.338221 0.126953 0.144673
0 0.0761719 0.522972 0.150391 0.177908
0 0.0136719 0.63392 0.0253906 0.0713587
0 0.0361328 0.688661 0.0703125 0.0733138
0 0.0136719 0.722385 0.0253906 0.0293255
0 0.0205078 0.918866 0.0390625 0.0840665
0 0.148438 0.00342131 0.0351562 0.00488759
0 0.873535 0.198925 0.172852 0.167155
0 0.853516 0.534213 0.152344 0.167155
0 0.203613 0.90567 0.157227 0.15738
0 0.838867 0.780547 0.107422 0.186706
0 0.92334 0.850929 0.15332 0.110459
0 0.930176 0.982405 0.0556641 0.0351906
