0 0.00146484 0.803223 0.000976562 0.0107422
0 0.0395508 0.691406 0.0771484 0.132812
0 0.0214844 0.967285 0.0410156 0.0654297
0 0.177246 0.401855 0.112305 0.0927734
0 0.739258 0.222656 0.117188 0.103516
0 0.3125 0.371094 0.113281 0.107422
0 0.714355 0.0341797 0.0478516 0.0664062
0 0.472656 0.563965 0.136719 0.129883
0 0.92334 0.75 0.0888672 0.103516
0 0.13623 0.775391 0.110352 0.111328
0 0.373047 0.707031 0.138672 0.0605469
0 0.3125 0.805176 0.144531 0.147461
0 0.414062 0.761719 0.0664062 0.0703125
0 0.434082 0.955566 0.145508 0.0888672
0 0.500977 0.951172 0.0859375 0.0976562
