0 0.418457 0.0278592 0.0595703 0.0537634
0 0.816895 0.0102639 0.0732422 0.0185728
0 0.789551 0.117302 0.0673828 0.0664712
0 0.649414 0.133431 0.0585938 0.0537634
0 0.0737305 0.188172 0.104492 0.14565
0 0.23291 0.270772 0.139648 0.148583
0 0.318848 0.285435 0.0458984 0.0645161
0 0.489746 0.286413 0.131836 0.117302
0 0.637695 0.282991 0.078125 0.0537634
0 0.686523 0.360704 0.0664062 0.0664712
0 0.742676 0.372923 0.0419922 0.0420332
0 0.955566 0.467253 0.0888672 0.150538
0 0.856445 0.573803 0.0878906 0.113392
0 0.356934 0.288368 0.0302734 0.0527859
0 0.239258 0.385142 0.0625 0.0879765
0 0.373535 0.44868 0.0302734 0.0351906
0 0.0581055 0.463832 0.114258 0.14565
0 0.221191 0.516129 0.178711 0.183773
0 0.269043 0.63392 0.108398 0.124145
0 0.510254 0.641251 0.116211 0.123167
0 0.627441 0.639785 0.145508 0.13783
0 0.694824 0.717986 0.0615234 0.0615836
0 0.268066 0.820626 0.145508 0.128055
0 0.775391 0.909091 0.125 0.119257
