0 0.0717773 0.514648 0.0693359 0.0742188
0 0.0214844 0.893555 0.0410156 0.119141
0 0.0683594 0.956055 0.134766 0.078125
0 0.0239258 0.101074 0.0224609 0.0205078
0 0.589355 0.125977 0.0537109 0.0585938
0 0.939453 0.164062 0.0566406 0.0429688
0 0.868652 0.141113 0.0400391 0.0556641
0 0.727539 0.282227 0.0507812 0.0488281
0 0.532715 0.477051 0.0380859 0.0400391
0 0.720703 0.229004 0.0332031 0.0322266
0 0.669922 0.412109 0.0429688 0.0703125
0 0.989746 0.372559 0.0205078 0.0615234
0 0.866699 0.510742 0.0556641 0.125
0 0.983887 0.526855 0.0322266 0.0771484
0 0.583008 0.37207 0.0292969 0.0214844
0 0.541992 0.807617 0.167969 0.173828
0 0.448242 0.910156 0.0703125 0.0703125
0 0.601074 0.902344 0.112305 0.107422
0 0.841309 0.895996 0.0712891 0.0888672
0 0.366211 0.913574 0.0585938 0.0732422
