0 0.180176 0.32373 0.186523 0.188477
0 0.30957 0.438477 0.193359 0.189453
0 0.541992 0.0458984 0.152344 0.0898438
0 0.556152 0.140625 0.0673828 0.0566406
0 0.65625 0.0776367 0.0644531 0.135742
0 0.728027 0.0756836 0.151367 0.149414
0 0.516113 0.200684 0.0341797 0.0654297
0 0.626953 0.175293 0.0605469 0.0556641
0 0.67627 0.331055 0.0673828 0.0683594
0 0.716309 0.296875 0.0419922 0.046875
0 0.54541 0.298828 0.0458984 0.0507812
0 0.154297 0.612305 0.189453 0.177734
0 0.687988 0.613281 0.0966797 0.111328
0 0.397461 0.67041 0.179688 0.135742
0 0.243652 0.723145 0.114258 0.176758
0 0.519531 0.74707 0.0722656 0.0625
0 0.0307617 0.829102 0.0595703 0.191406
0 0.28125 0.890625 0.0800781 0.0722656
0 0.208984 0.947754 0.197266 0.104492
0 0.567871 0.95752 0.0654297 0.0595703
0 0.508789 0.985352 0.046875 0.0292969
0 0.769043 0.991211 0.0986328 0.0175781
0 0.950195 0.0424805 0.0703125 0.0830078
0 0.992188 0.0288086 0.015625 0.0556641
0 0.916016 0.570801 0.152344 0.155273
0 0.889648 0.720703 0.132812 0.123047
0 0.962891 0.85498 0.0742188 0.118164
