0 0.0458984 0.715054 0.0898438 0.16129
0 0.0214844 0.830401 0.0410156 0.0694037
0 0.0708008 0.961877 0.139648 0.0762463
0 0.231934 0.534213 0.166992 0.16911
0 0.533203 0.00733138 0.0703125 0.0127077
0 0.472168 0.103617 0.0888672 0.115347
0 0.486816 0.694037 0.178711 0.187683
0 0.165039 0.865103 0.201172 0.205279
0 0.539551 0.941349 0.168945 0.117302
0 0.628906 0.257087 0.125 0.123167
0 0.873535 0.117791 0.166992 0.1652
0 0.969238 0.0767351 0.0615234 0.151515
0 0.829102 0.302053 0.146484 0.150538
0 0.949219 0.40958 0.101562 0.164223
0 0.928223 0.833333 0.143555 0.159335
0 0.999023 0.876344 0.00195312 0.028348
