0 0.0986328 0.0258789 0.171875 0.0498047
0 0.420898 0.0444336 0.132812 0.0869141
0 0.192871 0.0332031 0.125977 0.0644531
0 0.703125 0.019043 0.138672 0.0361328
0 0.443359 0.212891 0.117188 0.126953
0 0.361816 0.186035 0.0908203 0.120117
0 0.750977 0.126953 0.0664062 0.0742188
0 0.14209 0.39502 0.110352 0.118164
0 0.295898 0.42041 0.111328 0.112305
0 0.511719 0.358887 0.107422 0.100586
0 0.67627 0.303711 0.0693359 0.136719
0 0.786621 0.289062 0.166992 0.158203
0 0.925781 0.198242 0.142578 0.130859
0 0.979492 0.280762 0.0351562 0.0986328
0 0.754883 0.397949 0.0683594 0.0888672
0 0.865723 0.409668 0.151367 0.12793
0 0.341309 0.796875 0.0966797 0.113281
0 0.636719 0.762207 0.125 0.116211
0 0.780273 0.628418 0.134766 0.165039
0 0.09375 0.995117 0.0957031 0.00976562
0 0.217773 0.98877 0.0136719 0.0224609
0 0.643066 0.886719 0.108398 0.0917969
0 0.787109 0.880371 0.0488281 0.0830078
0 0.71582 0.98877 0.09375 0.0224609
0 0.874512 0.977539 0.100586 0.0449219
