0 0.117188 0.141113 0.191406 0.182617
0 0.335449 0.0244141 0.118164 0.046875
0 0.600586 0.0341797 0.164062 0.0664062
0 0.873535 0.0620117 0.0595703 0.0654297
0 0.421875 0.169434 0.0683594 0.0888672
0 0.336426 0.388672 0.176758 0.179688
0 0.568359 0.380859 0.15625 0.15625
0 0.0498047 0.502441 0.0976562 0.155273
0 0.391113 0.498047 0.0693359 0.0898438
0 0.436035 0.489258 0.116211 0.128906
0 0.642578 0.55957 0.201172 0.171875
0 0.15625 0.731934 0.148438 0.145508
0 0.456543 0.768555 0.168945 0.15625
0 0.618164 0.690918 0.105469 0.0712891
0 0.748535 0.706543 0.176758 0.15918
0 0.158691 0.959961 0.118164 0.0800781
0 0.969238 0.0957031 0.0615234 0.160156
0 0.99707 0.125488 0.00585938 0.0205078
0 0.913574 0.664551 0.145508 0.163086
0 0.886719 0.760742 0.136719 0.0800781
0 0.982422 0.720703 0.0351562 0.0507812
