0 0.0566406 0.385254 0.111328 0.163086
0 0.0263672 0.628418 0.0507812 0.118164
0 0.090332 0.00488281 0.0517578 0.0078125
0 0.570312 0.0556641 0.0800781 0.0957031
0 0.633301 0.0498047 0.112305 0.0976562
0 0.503418 0.0913086 0.0458984 0.0478516
0 0.713867 0.0419922 0.0664062 0.0820312
0 0.830566 0.081543 0.131836 0.135742
0 0.833496 0.0151367 0.125977 0.0283203
0 0.405273 0.273926 0.150391 0.155273
0 0.54834 0.273926 0.0283203 0.0556641
0 0.380371 0.385742 0.133789 0.111328
0 0.884277 0.180664 0.0537109 0.0703125
0 0.86084 0.391113 0.118164 0.118164
0 0.809082 0.508789 0.102539 0.119141
0 0.861816 0.47168 0.0400391 0.0449219
0 0.445801 0.476562 0.0615234 0.0644531
0 0.455078 0.55127 0.0390625 0.0322266
0 0.318848 0.626465 0.0712891 0.0615234
0 0.21875 0.717285 0.160156 0.170898
0 0.398926 0.784668 0.0751953 0.12793
0 0.475586 0.84375 0.152344 0.150391
0 0.697754 0.769043 0.0927734 0.0810547
0 0.931152 0.874023 0.0947266 0.115234
0 0.097168 0.949219 0.0458984 0.078125
0 0.258301 0.937012 0.120117 0.125977
0 0.40625 0.949219 0.177734 0.101562
0 0.645508 0.986816 0.126953 0.0263672
