0 0.367188 0.00488281 0.0683594 0.0078125
0 0.386719 0.0527344 0.134766 0.103516
0 0.0473633 0.232422 0.0927734 0.140625
0 0.191895 0.350098 0.151367 0.15332
0 0.186035 0.547852 0.0986328 0.0683594
0 0.378418 0.333496 0.137695 0.0810547
0 0.0180664 0.928711 0.0341797 0.130859
0 0.0986328 0.961914 0.158203 0.0761719
0 0.73584 0.0361328 0.0732422 0.0703125
0 0.847656 0.103027 0.148438 0.125977
0 0.643066 0.190918 0.0380859 0.0380859
0 0.862305 0.215332 0.0742188 0.0771484
0 0.882812 0.433105 0.0351562 0.0576172
0 0.977051 0.604004 0.0400391 0.124023
