0 0.0673828 0.261719 0.132812 0.160156
0 0.166992 0.341309 0.142578 0.141602
0 0.0361328 0.441895 0.0703125 0.155273
0 0.0791016 0.549805 0.138672 0.128906
0 0.0424805 0.873535 0.0830078 0.135742
0 0.0424805 0.77832 0.0830078 0.0859375
0 0.0717773 0.96875 0.0537109 0.0625
0 0.171875 0.243164 0.0996094 0.103516
0 0.691406 0.0585938 0.191406 0.115234
0 0.922852 0.248535 0.154297 0.182617
0 0.95459 0.455566 0.0908203 0.151367
0 0.991699 0.582031 0.0166016 0.101562
0 0.746582 0.693848 0.131836 0.104492
0 0.308105 0.839355 0.12207 0.12207
0 0.911133 0.885742 0.158203 0.121094
