0 0.237793 0.0102539 0.0458984 0.0185547
0 0.0307617 0.0668945 0.0595703 0.131836
0 0.28125 0.0986328 0.0800781 0.0722656
0 0.209473 0.202637 0.198242 0.198242
0 0.567871 0.165527 0.0654297 0.0595703
0 0.508789 0.20752 0.046875 0.0576172
0 0.774902 0.252441 0.125977 0.124023
0 0.862793 0.279785 0.0419922 0.0498047
0 0.650391 0.318359 0.0585938 0.0742188
0 0.385254 0.445312 0.170898 0.15625
0 0.292969 0.440918 0.0878906 0.143555
0 0.13916 0.525879 0.0751953 0.0556641
0 0.77832 0.484863 0.0664062 0.0537109
0 0.520508 0.678223 0.177734 0.168945
0 0.361328 0.838379 0.0507812 0.0771484
0 0.668945 0.861328 0.0703125 0.0703125
0 0.775391 0.777344 0.0507812 0.0488281
0 0.73291 0.70166 0.0537109 0.0478516
0 0.0273438 0.980957 0.0527344 0.0380859
0 0.159668 0.958496 0.155273 0.0830078
0 0.330078 0.998535 0.0214844 0.00292969
0 0.414062 0.965332 0.113281 0.0693359
0 0.863281 0.751953 0.125 0.130859
0 0.21875 0.715332 0.0507812 0.0302734
0 0.962891 0.0629883 0.0742188 0.118164
0 0.986328 0.598633 0.0273438 0.126953
0 0.956543 0.772461 0.0869141 0.154297
0 0.996582 0.889648 0.00683594 0.0507812
