0 0.192871 0.103027 0.0732422 0.124023
0 0.285156 0.125488 0.136719 0.110352
0 0.171875 0.191895 0.0722656 0.0771484
0 0.223633 0.233887 0.0664062 0.0634766
0 0.17627 0.39502 0.0732422 0.0732422
0 0.262207 0.349609 0.0751953 0.0605469
0 0.365234 0.438477 0.0820312 0.078125
0 0.696777 0.481445 0.0986328 0.158203
0 0.88623 0.17334 0.137695 0.116211
0 0.88916 0.337891 0.155273 0.175781
0 0.972656 0.307617 0.0546875 0.175781
0 0.27832 0.621582 0.0703125 0.0615234
0 0.916992 0.588867 0.109375 0.138672
0 0.754883 0.811523 0.183594 0.167969
0 0.366699 0.849609 0.0693359 0.0703125
0 0.514648 0.884277 0.0761719 0.0771484
0 0.0869141 0.852539 0.123047 0.09375
0 0.0805664 0.941895 0.145508 0.116211
0 0.30957 0.912598 0.0605469 0.0673828
0 0.955566 0.919922 0.0888672 0.117188
