0 0.154297 0.00634766 0.0371094 0.0107422
0 0.0214844 0.168457 0.0410156 0.0966797
0 0.312988 0.224121 0.0732422 0.0654297
0 0.321289 0.265137 0.0527344 0.0419922
0 0.303223 0.379883 0.149414 0.150391
0 0.540039 0.152344 0.158203 0.167969
0 0.398438 0.224121 0.144531 0.145508
0 0.668457 0.269043 0.170898 0.155273
0 0.990723 0.279297 0.0185547 0.0898438
0 0.641602 0.652832 0.144531 0.110352
0 0.60498 0.696777 0.0771484 0.0751953
0 0.550293 0.805176 0.163086 0.155273
0 0.736816 0.897949 0.166992 0.145508
0 0.949219 0.950684 0.101562 0.0908203
