0 0.278809 0.0107527 0.0439453 0.0195503
0 0.0791016 0.0146628 0.105469 0.0273705
0 0.00390625 0.126588 0.00585938 0.0205279
0 0.477539 0.0821114 0.128906 0.162268
0 0.350098 0.261486 0.161133 0.14956
0 0.545898 0.247312 0.0820312 0.0879765
0 0.200684 0.426197 0.139648 0.150538
0 0.354004 0.437439 0.165039 0.13392
0 0.527344 0.454545 0.148438 0.130987
0 0.153809 0.562072 0.0986328 0.0782014
0 0.126465 0.685239 0.137695 0.164223
0 0.234375 0.751711 0.140625 0.162268
0 0.0893555 0.935973 0.139648 0.128055
0 0.179688 0.890518 0.162109 0.160313
0 0.3125 0.746823 0.0703125 0.127077
0 0.690918 0.675953 0.15332 0.139785
0 0.515137 0.92913 0.141602 0.14174
0 0.903809 0.244868 0.0654297 0.0635386
0 0.990723 0.363636 0.0185547 0.0469208
0 0.980469 0.549853 0.0390625 0.0596285
0 0.941895 0.610948 0.0556641 0.0684262
0 0.962891 0.588465 0.0410156 0.0410557
0 0.98877 0.79521 0.0224609 0.0596285
