0 0.183105 0.0078125 0.0263672 0.0136719
0 0.0620117 0.034668 0.0458984 0.0380859
0 0.0756836 0.102539 0.0615234 0.0507812
0 0.159668 0.203613 0.0517578 0.0517578
0 0.458984 0.488281 0.167969 0.167969
0 0.233887 0.70166 0.0615234 0.0576172
0 0.132812 0.840332 0.0605469 0.0556641
0 0.105469 0.965332 0.0683594 0.0693359
0 0.723145 0.0288086 0.149414 0.0556641
0 0.472168 0.627441 0.0595703 0.0908203
0 0.567871 0.632324 0.168945 0.172852
0 0.986816 0.437012 0.0263672 0.106445
0 0.694824 0.659668 0.0849609 0.0791016
0 0.79834 0.83252 0.129883 0.161133
0 0.893555 0.915039 0.171875 0.169922
