0 0.0639648 0.00341797 0.0361328 0.00488281
0 0.774902 0.00341797 0.0361328 0.00488281
0 0.120117 0.155273 0.130859 0.123047
0 0.374512 0.168945 0.0771484 0.0625
0 0.26416 0.262695 0.15918 0.175781
0 0.445312 0.32373 0.0625 0.116211
0 0.516113 0.395996 0.161133 0.155273
0 0.77002 0.0527344 0.0654297 0.0585938
0 0.780762 0.217285 0.0771484 0.137695
0 0.603516 0.182617 0.0566406 0.0839844
0 0.837891 0.302734 0.123047 0.0976562
0 0.303711 0.499512 0.130859 0.157227
0 0.458496 0.541504 0.19043 0.18457
0 0.705566 0.617676 0.165039 0.180664
0 0.351074 0.651367 0.0986328 0.123047
0 0.799805 0.915527 0.179688 0.163086
0 0.413086 0.85791 0.115234 0.131836
0 0.824219 0.54541 0.046875 0.0732422
0 0.968262 0.0478516 0.0634766 0.09375
