0 0.0673828 0.0131965 0.0703125 0.0244379
0 0.0161133 0.362659 0.0302734 0.105572
0 0.0673828 0.340176 0.119141 0.125122
0 0.00341797 0.99218 0.00488281 0.0156403
0 0.640137 0.0175953 0.0654297 0.0332356
0 0.613281 0.0488759 0.03125 0.0332356
0 0.169434 0.0293255 0.131836 0.056696
0 0.250488 0.0874878 0.139648 0.13001
0 0.310547 0.0166178 0.0585938 0.0312805
0 0.321289 0.177908 0.0644531 0.0625611
0 0.839355 0.242424 0.125977 0.0957967
0 0.989746 0.0337243 0.0205078 0.0654936
0 0.189941 0.311828 0.12793 0.0899316
0 0.477539 0.369501 0.125 0.123167
0 0.17627 0.404692 0.131836 0.136852
0 0.432129 0.470186 0.0634766 0.0664712
0 0.951172 0.449658 0.0976562 0.156403
0 0.212402 0.713587 0.12207 0.121212
0 0.29248 0.676442 0.0439453 0.0332356
0 0.72998 0.731672 0.143555 0.147605
0 0.98584 0.64956 0.0283203 0.1261
0 0.968262 0.776149 0.0537109 0.054741
0 0.176758 0.828935 0.105469 0.115347
0 0.68457 0.848485 0.152344 0.0821114
0 0.635742 0.94086 0.128906 0.11828
0 0.800293 0.956012 0.108398 0.0879765
