0 0.34668 0.0991211 0.123047 0.112305
0 0.498535 0.0302734 0.0634766 0.0585938
0 0.833984 0.174316 0.0664062 0.0693359
0 0.686523 0.345215 0.0605469 0.0595703
0 0.188965 0.510254 0.0888672 0.0693359
0 0.307129 0.600098 0.176758 0.165039
0 0.991699 0.521484 0.0166016 0.0839844
0 0.76123 0.713867 0.108398 0.121094
0 0.925293 0.68457 0.12793 0.144531
0 0.273438 0.681152 0.130859 0.135742
0 0.192871 0.89502 0.0732422 0.124023
0 0.285156 0.91748 0.136719 0.110352
0 0.171875 0.972656 0.0722656 0.0546875
0 0.221191 0.99707 0.0400391 0.00585938
0 0.88623 0.953613 0.137695 0.0927734
