0 0.0078125 0.1875 0.0136719 0.078125
0 0.212402 0.188477 0.100586 0.125
0 0.0917969 0.362793 0.0976562 0.149414
0 0.195801 0.387695 0.135742 0.113281
0 0.154785 0.640137 0.12793 0.135742
0 0.0205078 0.699219 0.0390625 0.0820312
0 0.00244141 0.921387 0.00292969 0.0693359
0 0.308105 0.685059 0.163086 0.168945
0 0.244141 0.830078 0.167969 0.171875
0 0.0966797 0.896973 0.0585938 0.0634766
0 0.0751953 0.899902 0.0800781 0.112305
0 0.363281 0.446289 0.0546875 0.0566406
0 0.55127 0.0883789 0.0419922 0.0615234
0 0.860352 0.161133 0.0488281 0.0332031
0 0.895508 0.164551 0.0195312 0.0400391
0 0.713867 0.320312 0.152344 0.169922
0 0.825195 0.305664 0.0683594 0.0664062
0 0.875 0.350098 0.078125 0.0791016
0 0.872559 0.448242 0.0595703 0.0664062
0 0.608398 0.388672 0.0253906 0.0214844
0 0.572754 0.452148 0.0322266 0.0449219
0 0.599609 0.491699 0.0605469 0.0615234
0 0.449707 0.405762 0.112305 0.15332
0 0.950195 0.405273 0.0410156 0.0292969
0 0.620605 0.614258 0.0283203 0.0488281
0 0.403809 0.802734 0.15332 0.15625
0 0.958496 0.797852 0.0830078 0.134766
0 0.614258 0.932617 0.0546875 0.0644531
0 0.785156 0.916016 0.117188 0.132812
0 0.847168 0.89502 0.0263672 0.0556641
0 0.516602 0.965332 0.0292969 0.0595703
