0 0.280762 0.0483871 0.227539 0.0948192
0 0.419434 0.0259042 0.0673828 0.0498534
0 0.887207 0.0742913 0.145508 0.129032
0 0.0629883 0.0982405 0.124023 0.194526
0 0.141113 0.108016 0.0712891 0.0889541
0 0.433594 0.253666 0.212891 0.194526
0 0.765137 0.296676 0.19043 0.194526
0 0.869141 0.338221 0.142578 0.144673
0 0.875488 0.522972 0.176758 0.177908
0 0.79834 0.633431 0.0810547 0.0840665
0 0.847168 0.688661 0.0732422 0.0733138
0 0.803711 0.704301 0.0703125 0.0654936
0 0.345215 0.701369 0.213867 0.214076
0 0.780273 0.847996 0.0664062 0.0635386
0 0.804688 0.919355 0.0957031 0.086999
0 0.960938 0.00342131 0.0351562 0.00488759
0 0.96875 0.916911 0.0625 0.134897
