0 0.0151367 0.180176 0.0283203 0.0458984
0 0.703613 0.296875 0.166992 0.164062
0 0.573242 0.564453 0.144531 0.138672
0 0.0283203 0.596191 0.0546875 0.0458984
0 0.0424805 0.70166 0.0830078 0.12207
0 0.554688 0.692383 0.126953 0.0996094
0 0.307129 0.803223 0.108398 0.0830078
0 0.0356445 0.0874023 0.0693359 0.0654297
0 0.347168 0.892578 0.106445 0.126953
0 0.376465 0.892578 0.0810547 0.0996094
0 0.0112305 0.788574 0.0205078 0.0361328
0 0.657715 0.888184 0.15332 0.155273
0 0.669922 0.952148 0.136719 0.0957031
0 0.95752 0.0107422 0.0849609 0.0195312
0 0.870117 0.0151367 0.0546875 0.0283203
0 0.608887 0.00976562 0.0263672 0.0175781
0 0.808105 0.379395 0.147461 0.15332
0 0.936523 0.37207 0.126953 0.140625
0 0.657715 0.115723 0.0947266 0.120117
0 0.799316 0.774902 0.12793 0.125977
