0 0.758789 0.107422 0.121094 0.142578
0 0.612793 0.109375 0.0673828 0.0722656
0 0.439453 0.232422 0.0625 0.0566406
0 0.564941 0.270996 0.0634766 0.0498047
0 0.632812 0.230957 0.0664062 0.0615234
0 0.705078 0.328613 0.150391 0.155273
0 0.944336 0.311035 0.105469 0.139648
0 0.894531 0.450195 0.164062 0.148438
0 0.882812 0.09375 0.0761719 0.0722656
0 0.6875 0.0512695 0.0585938 0.0517578
0 0.623047 0.343262 0.0371094 0.0693359
0 0.686523 0.59668 0.0566406 0.0566406
0 0.543945 0.583496 0.078125 0.0556641
0 0.900391 0.665527 0.132812 0.133789
0 0.652344 0.443359 0.0605469 0.0585938
0 0.508789 0.462891 0.0488281 0.0449219
0 0.015625 0.601562 0.0292969 0.0625
0 0.134766 0.578125 0.138672 0.136719
0 0.362305 0.730957 0.144531 0.139648
0 0.386719 0.843262 0.134766 0.106445
0 0.0703125 0.977051 0.046875 0.0458984
0 0.968262 0.21582 0.0576172 0.0546875
0 0.73584 0.79834 0.0732422 0.129883
0 0.847656 0.89502 0.148438 0.125977
0 0.643066 0.981934 0.0380859 0.0361328
0 0.859863 0.984375 0.0673828 0.03125
0 0.388672 0.0126953 0.0703125 0.0234375
0 0.447266 0.0161133 0.0488281 0.0302734
