0 0.0234375 0.0102639 0.0351562 0.0185728
0 0.00585938 0.110459 0.00976562 0.0175953
0 0.178223 0.465298 0.15918 0.154448
0 0.0444336 0.573803 0.0869141 0.113392
0 0.0131836 0.910557 0.0244141 0.0948192
0 0.567383 0.0175953 0.121094 0.0332356
0 0.419434 0.12219 0.143555 0.138807
0 0.653809 0.0322581 0.0595703 0.0293255
0 0.371582 0.214076 0.0849609 0.115347
0 0.476074 0.212121 0.145508 0.168133
0 0.603027 0.282991 0.155273 0.155425
0 0.970215 0.271261 0.0537109 0.0420332
0 0.902832 0.364614 0.0400391 0.0527859
0 0.953613 0.482405 0.0380859 0.0420332
0 0.883789 0.438416 0.0449219 0.0518084
0 0.817383 0.569892 0.0742188 0.0606061
0 0.374512 0.420821 0.110352 0.167155
0 0.365723 0.621212 0.102539 0.1261
0 0.307129 0.639785 0.0458984 0.0694037
0 0.483398 0.699413 0.160156 0.155425
0 0.852051 0.655914 0.0361328 0.0469208
0 0.681641 0.835288 0.136719 0.13392
0 0.337402 0.782502 0.0673828 0.0694037
0 0.271973 0.767351 0.0380859 0.0527859
0 0.241699 0.847019 0.0576172 0.0400782
