0 0.467773 0.015625 0.0332031 0.0292969
0 0.48877 0.187012 0.114258 0.129883
0 0.597656 0.106445 0.132812 0.144531
0 0.734863 0.197754 0.124023 0.12793
0 0.628906 0.25293 0.134766 0.142578
0 0.396973 0.362793 0.0869141 0.131836
0 0.495605 0.468262 0.137695 0.145508
0 0.0410156 0.713379 0.0800781 0.0732422
0 0.171387 0.744629 0.108398 0.12207
0 0.200684 0.880859 0.118164 0.128906
0 0.596191 0.765137 0.0751953 0.0791016
0 0.833496 0.799316 0.141602 0.137695
0 0.784668 0.951172 0.165039 0.09375
0 0.6875 0.928711 0.03125 0.0351562
0 0.952148 0.92334 0.0898438 0.149414
