0 0.00146484 0.0112414 0.000976562 0.0107527
0 0.0214844 0.212121 0.0410156 0.138807
0 0.0878906 0.673509 0.0644531 0.0684262
0 0.918457 0.00537634 0.0537109 0.00879765
0 0.138672 0.0200391 0.0976562 0.0381232
0 0.3125 0.0439883 0.144531 0.0860215
0 0.410645 0.00293255 0.0283203 0.00391007
0 0.434082 0.19306 0.145508 0.147605
0 0.500977 0.171554 0.0859375 0.12219
0 0.342773 0.437439 0.134766 0.143695
0 0.46875 0.470186 0.138672 0.134897
0 0.905762 0.402737 0.141602 0.132942
0 0.562012 0.628055 0.145508 0.14174
0 0.642578 0.598729 0.0585938 0.0596285
0 0.374512 0.71261 0.155273 0.152493
0 0.42041 0.816716 0.125977 0.110459
0 0.220215 0.790323 0.0537109 0.0596285
0 0.312988 0.995601 0.0419922 0.00879765
0 0.436523 0.951613 0.121094 0.0967742
0 0.549805 0.950147 0.0761719 0.0860215
0 0.688477 0.891007 0.138672 0.13392
0 0.94043 0.616813 0.113281 0.142717
0 0.948242 0.76002 0.0976562 0.167155
0 0.79541 0.873412 0.106445 0.139785
0 0.699707 0.990714 0.0869141 0.0185728
0 0.957031 0.887097 0.0820312 0.0967742
