0 0.090332 0.0405273 0.110352 0.0791016
0 0.369629 0.0849609 0.206055 0.167969
0 0.282227 0.140625 0.0800781 0.0898438
0 0.64502 0.0595703 0.194336 0.117188
0 0.570801 0.300781 0.120117 0.126953
0 0.429199 0.742676 0.141602 0.131836
0 0.600586 0.868164 0.0878906 0.0683594
0 0.188477 0.988281 0.173828 0.0234375
0 0.972656 0.0595703 0.0546875 0.117188
0 0.75 0.203125 0.160156 0.179688
0 0.821289 0.379395 0.177734 0.18457
0 0.703613 0.602539 0.18457 0.191406
0 0.95459 0.726074 0.0908203 0.100586
0 0.933594 0.481934 0.0820312 0.104492
