0 0.126953 0.19043 0.177734 0.195312
0 0.541992 0.0366211 0.136719 0.0712891
0 0.46875 0.0820312 0.105469 0.09375
0 0.418945 0.19043 0.0722656 0.109375
0 0.508301 0.26123 0.0771484 0.0634766
0 0.43457 0.375488 0.0722656 0.0634766
0 0.192383 0.726562 0.162109 0.164062
0 0.204102 0.814453 0.078125 0.0605469
0 0.977539 0.00683594 0.0449219 0.0117188
0 0.780762 0.130859 0.15918 0.146484
0 0.923828 0.0615234 0.152344 0.0996094
0 0.937012 0.180664 0.125977 0.175781
0 0.970703 0.322266 0.0585938 0.0976562
0 0.938965 0.495605 0.12207 0.143555
0 0.66748 0.734375 0.196289 0.154297
0 0.833984 0.942871 0.191406 0.114258
