0 0.0424805 0.081543 0.0830078 0.135742
0 0.0424805 0.0166016 0.0830078 0.0253906
0 0.0717773 0.180664 0.0537109 0.0703125
0 0.0541992 0.391113 0.106445 0.118164
0 0.0244141 0.52002 0.046875 0.0947266
0 0.0493164 0.47168 0.0400391 0.0449219
0 0.118652 0.874023 0.0947266 0.115234
0 0.282227 0.997559 0.0683594 0.00488281
0 0.308105 0.0546875 0.12207 0.107422
0 0.911133 0.09375 0.158203 0.121094
0 0.76416 0.295898 0.0634766 0.0664062
0 0.609375 0.399414 0.142578 0.150391
0 0.950684 0.314453 0.0986328 0.148438
0 0.958496 0.505371 0.0498047 0.0712891
0 0.510254 0.625977 0.135742 0.150391
0 0.547852 0.520508 0.150391 0.0839844
0 0.664062 0.632812 0.0996094 0.101562
0 0.424316 0.988281 0.100586 0.0234375
