0 0.0136719 0.0952148 0.0253906 0.0615234
0 0.389648 0.0507812 0.144531 0.0996094
0 0.357422 0.293457 0.111328 0.0830078
0 0.0644531 0.410645 0.126953 0.18457
0 0.147949 0.378906 0.0537109 0.0605469
0 0.0268555 0.513672 0.0517578 0.0273438
0 0.144531 0.476562 0.144531 0.0996094
0 0.31543 0.619629 0.146484 0.19043
0 0.0932617 0.743164 0.120117 0.169922
0 0.23877 0.943848 0.176758 0.112305
0 0.358398 0.96875 0.0742188 0.0625
0 0.837402 0.232422 0.137695 0.140625
0 0.964355 0.350098 0.0712891 0.15332
0 0.974609 0.561035 0.0507812 0.0419922
0 0.765625 0.916992 0.164062 0.166016
0 0.911133 0.961914 0.158203 0.0761719
0 0.631348 0.922363 0.0693359 0.0693359
0 0.613281 0.955566 0.0683594 0.0556641
