0 0.0307617 0.18457 0.0595703 0.166016
0 0.116699 0.102539 0.137695 0.138672
0 0.339355 0.0273438 0.12793 0.0527344
0 0.214844 0.413574 0.0703125 0.0888672
0 0.145996 0.378418 0.0634766 0.0400391
0 0.0332031 0.64209 0.0644531 0.149414
0 0.17627 0.727051 0.151367 0.155273
0 0.32373 0.768555 0.125977 0.126953
0 0.0244141 0.92334 0.046875 0.145508
0 0.113281 0.853516 0.15625 0.0996094
0 0.695312 0.61084 0.119141 0.118164
0 0.350586 0.629395 0.0625 0.0634766
0 0.432129 0.756836 0.0380859 0.0507812
0 0.493652 0.713379 0.0498047 0.0380859
0 0.71582 0.697754 0.0742188 0.0615234
0 0.15625 0.942383 0.189453 0.115234
0 0.870117 0.0229492 0.128906 0.0439453
0 0.728027 0.424316 0.139648 0.129883
0 0.75293 0.992676 0.0820312 0.0146484
0 0.915039 0.930176 0.166016 0.139648
