0 0.0766602 0.132812 0.0966797 0.0878906
0 0.20459 0.10791 0.0947266 0.120117
0 0.140137 0.351562 0.12793 0.130859
0 0.119141 0.470703 0.126953 0.121094
0 0.0498047 0.788086 0.0976562 0.117188
0 0.518555 0.0541992 0.183594 0.106445
0 0.457031 0.647461 0.15625 0.164062
0 0.587891 0.833496 0.107422 0.114258
0 0.911133 0.0258789 0.171875 0.0498047
0 0.748535 0.0878906 0.129883 0.154297
0 0.971191 0.0366211 0.0576172 0.0556641
0 0.949707 0.39502 0.100586 0.118164
0 0.90625 0.995117 0.0957031 0.00976562
