0 0.0610352 0.0620117 0.0595703 0.0654297
0 0.0126953 0.709961 0.0234375 0.0878906
0 0.172363 0.0957031 0.0927734 0.160156
0 0.268066 0.103516 0.172852 0.171875
0 0.675781 0.12793 0.0664062 0.0683594
0 0.45166 0.32959 0.174805 0.180664
0 0.870117 0.261719 0.152344 0.160156
0 0.954102 0.34082 0.0917969 0.140625
0 0.693848 0.420898 0.12793 0.136719
0 0.814453 0.441895 0.138672 0.155273
0 0.891602 0.549805 0.138672 0.128906
0 0.101074 0.664551 0.145508 0.163086
0 0.307617 0.570801 0.0566406 0.0732422
0 0.0742188 0.760742 0.136719 0.0800781
0 0.193359 0.725098 0.0820312 0.0673828
0 0.268555 0.694824 0.140625 0.116211
0 0.570312 0.847656 0.0800781 0.0957031
0 0.633301 0.839355 0.112305 0.102539
0 0.503418 0.883301 0.0458984 0.0478516
0 0.705566 0.812988 0.0830078 0.124023
0 0.830566 0.873535 0.131836 0.135742
0 0.833496 0.77832 0.125977 0.0859375
0 0.408691 0.994141 0.0966797 0.0117188
0 0.884277 0.96875 0.0537109 0.0625
0 0.967285 0.232422 0.0654297 0.0820312
