0 0.034668 0.255859 0.0673828 0.148438
0 0.0654297 0.224609 0.0683594 0.130859
0 0.0585938 0.431641 0.115234 0.146484
0 0.0732422 0.544922 0.0957031 0.109375
0 0.413574 0.109375 0.145508 0.150391
0 0.279297 0.0654297 0.142578 0.128906
0 0.258301 0.353516 0.137695 0.158203
0 0.396973 0.494629 0.163086 0.15918
0 0.369141 0.555664 0.0878906 0.0683594
0 0.189941 0.622559 0.0986328 0.0869141
0 0.294434 0.714844 0.174805 0.185547
0 0.994629 0.695312 0.0107422 0.0722656
0 0.899414 0.75293 0.0507812 0.0390625
0 0.849609 0.618652 0.0410156 0.0380859
0 0.702148 0.89209 0.142578 0.143555
0 0.163574 0.987305 0.0322266 0.0253906
