0 0.0419922 0.371094 0.0820312 0.142578
0 0.0712891 0.279297 0.126953 0.130859
0 0.0664062 0.515137 0.123047 0.118164
0 0.249512 0.984863 0.0673828 0.0302734
0 0.342285 0.572266 0.114258 0.117188
0 0.394531 0.255859 0.0605469 0.0527344
0 0.454102 0.230957 0.0527344 0.0322266
0 0.342773 0.479492 0.0429688 0.0410156
0 0.621094 0.319336 0.167969 0.158203
0 0.736816 0.470703 0.161133 0.166016
0 0.874023 0.292969 0.0976562 0.109375
0 0.941406 0.442383 0.09375 0.0546875
0 0.635742 0.702637 0.0878906 0.125977
0 0.693848 0.758789 0.0634766 0.0605469
0 0.766113 0.699707 0.0498047 0.0498047
0 0.910156 0.666992 0.115234 0.136719
0 0.992188 0.580566 0.015625 0.0458984
0 0.371094 0.973633 0.0546875 0.0527344
0 0.660156 0.946289 0.152344 0.107422
0 0.785645 0.89209 0.0732422 0.0498047
0 0.773438 0.789551 0.0625 0.0361328
