0 0.0976562 0.0712891 0.0898438 0.136719
0 0.296875 0.166992 0.181641 0.183594
0 0.0327148 0.389648 0.0634766 0.123047
0 0.144043 0.470215 0.15918 0.147461
0 0.378906 0.371094 0.134766 0.115234
0 0.494629 0.163574 0.157227 0.15332
0 0.67041 0.0405273 0.0791016 0.0791016
0 0.62793 0.694824 0.0917969 0.15332
0 0.776367 0.753418 0.0429688 0.0732422
0 0.209961 0.831543 0.154297 0.168945
0 0.288086 0.719238 0.0546875 0.106445
0 0.00927734 0.986328 0.0166016 0.0273438
0 0.814941 0.958496 0.100586 0.0830078
