0 0.400391 0.128418 0.125 0.151367
0 0.126953 0.164062 0.0566406 0.0429688
0 0.0561523 0.141113 0.0400391 0.0556641
0 0.196289 0.373047 0.0585938 0.0625
0 0.0541992 0.510742 0.0556641 0.125
0 0.202148 0.524902 0.09375 0.0810547
0 0.0327148 0.895996 0.0634766 0.0888672
0 0.366699 0.800781 0.0791016 0.125
0 0.400391 0.922852 0.107422 0.142578
0 0.248535 0.927246 0.124023 0.108398
0 0.806152 0.0634766 0.135742 0.125
0 0.448242 0.297363 0.117188 0.0849609
0 0.490234 0.562012 0.144531 0.151367
0 0.458496 0.428711 0.0869141 0.0507812
0 0.709961 0.554199 0.142578 0.15332
0 0.781738 0.737793 0.0830078 0.112305
0 0.574219 0.952148 0.0957031 0.0898438
0 0.692871 0.925293 0.151367 0.145508
0 0.749512 0.867188 0.124023 0.103516
