0 0.200684 0.0170898 0.0712891 0.0322266
0 0.602051 0.0214844 0.145508 0.0410156
0 0.506348 0.0224609 0.0751953 0.0429688
0 0.824707 0.00244141 0.0458984 0.00292969
0 0.783203 0.0415039 0.142578 0.0810547
0 0.586426 0.0766602 0.0732422 0.0654297
0 0.515625 0.178223 0.0664062 0.0595703
0 0.122559 0.241699 0.0556641 0.0478516
0 0.661621 0.0859375 0.0576172 0.0527344
0 0.56543 0.334961 0.0761719 0.0664062
0 0.630859 0.268066 0.0566406 0.0517578
0 0.880371 0.210938 0.147461 0.158203
0 0.502441 0.538086 0.0576172 0.0527344
0 0.651855 0.444824 0.0556641 0.0595703
0 0.114746 0.549316 0.149414 0.180664
0 0.00488281 0.533203 0.0078125 0.0605469
0 0.108887 0.788574 0.198242 0.198242
0 0.0117188 0.808105 0.0214844 0.157227
0 0.455078 0.661133 0.175781 0.193359
0 0.724609 0.581543 0.167969 0.116211
0 0.324219 0.956055 0.140625 0.0839844
0 0.836914 0.959961 0.117188 0.0761719
0 0.938477 0.0883789 0.123047 0.174805
0 0.981445 0.562012 0.0371094 0.0517578
