0 0.230957 0.0209961 0.124023 0.0400391
0 0.0893555 0.158203 0.139648 0.15625
0 0.179688 0.0986328 0.162109 0.160156
0 0.299316 0.00976562 0.0283203 0.0175781
0 0.515137 0.137695 0.141602 0.142578
0 0.0673828 0.34082 0.0761719 0.130859
0 0.0966797 0.339355 0.0566406 0.125977
0 0.266113 0.388184 0.157227 0.15918
0 0.491699 0.32959 0.0673828 0.0693359
0 0.581055 0.307129 0.0722656 0.110352
0 0.306641 0.61377 0.123047 0.12207
0 0.377441 0.853516 0.0771484 0.0800781
0 0.98877 0.0170898 0.0224609 0.0322266
0 0.935059 0.241699 0.0556641 0.0478516
0 0.92627 0.549316 0.147461 0.180664
0 0.753418 0.535645 0.135742 0.135742
0 0.911133 0.788574 0.177734 0.198242
0 0.810059 0.808105 0.0498047 0.157227
