0 0.409668 0.00976562 0.0517578 0.0175781
0 0.353516 0.227539 0.0332031 0.0371094
0 0.406738 0.226074 0.0673828 0.0712891
0 0.850098 0.203125 0.0517578 0.0546875
0 0.770508 0.275879 0.0625 0.0576172
0 0.367676 0.271973 0.0478516 0.0498047
0 0.196289 0.36084 0.169922 0.174805
0 0.32959 0.411621 0.0615234 0.0458984
0 0.120605 0.586426 0.188477 0.178711
0 0.898926 0.0307617 0.0615234 0.0595703
0 0.91748 0.0913086 0.0654297 0.0576172
0 0.897461 0.486328 0.0996094 0.117188
0 0.794922 0.63916 0.0390625 0.0673828
0 0.674316 0.736816 0.15332 0.145508
0 0.928223 0.919922 0.139648 0.160156
0 0.0727539 0.909668 0.143555 0.165039
0 0.216797 0.865234 0.181641 0.181641
0 0.424805 0.867188 0.0625 0.0859375
0 0.88623 0.853516 0.0576172 0.0644531
0 0.886719 0.123047 0.0273438 0.0449219
