0 0.330566 0.0982405 0.15918 0.159335
0 0.514648 0.188172 0.128906 0.1261
0 0.636719 0.174487 0.109375 0.11828
0 0.215332 0.221408 0.0615234 0.0576735
0 0.292969 0.321114 0.146484 0.124145
0 0.244141 0.40567 0.101562 0.127077
0 0.543945 0.548876 0.146484 0.128055
0 0.663086 0.532258 0.115234 0.13783
0 0.203613 0.618768 0.137695 0.121212
0 0.267578 0.733138 0.148438 0.123167
0 0.400879 0.731183 0.0654297 0.127077
0 0.782715 0.675953 0.182617 0.204301
0 0.998047 0.00146628 0.00390625 0.000977517
0 0.909668 0.15738 0.0458984 0.0782014
0 0.987793 0.716031 0.0244141 0.100684
0 0.98584 0.795699 0.0283203 0.117302
