0 0.0356445 0.265137 0.0693359 0.157227
0 0.0981445 0.293457 0.0712891 0.106445
0 0.130371 0.42334 0.0947266 0.0498047
0 0.216797 0.430176 0.0585938 0.0810547
0 0.123047 0.524414 0.15625 0.171875
0 0.578613 0.460938 0.151367 0.148438
0 0.744141 0.44043 0.115234 0.125
0 0.60498 0.595215 0.145508 0.137695
0 0.638672 0.769043 0.0957031 0.129883
0 0.744141 0.811035 0.140625 0.137695
0 0.827148 0.691406 0.126953 0.132812
0 0.152832 0.76123 0.155273 0.15332
0 0.0253906 0.966797 0.0488281 0.0664062
0 0.777344 0.965332 0.154297 0.0693359
0 0.949219 0.388184 0.03125 0.0419922
0 0.946777 0.775391 0.106445 0.111328
